Gene	sample 1	sample 2	sample 3	sample 4	sample 5	sample 6	sample 7	sample 8	sample 9	sample 10	sample 11	sample 12
TSPAN6	663	438	526	292	860	552	512	404	776	511	857	493
TNMD	0	0	0	0	0	0	0	0	0	0	0	0
DPM1	9509	9123	7018	5843	13166	13738	13507	16013	11838	13849	14335	15652
SCYL3	1440	1406	1156	926	1544	1486	1968	1583	1825	1661	1680	1793
C1orf112	2298	1976	2459	1792	2662	2375	2582	2503	2550	2344	2594	2420
FGR	0	0	1	4	2	0	0	4	2	3	1	2
CFH	4	0	8	2	2	0	0	3	3	4	1	4
FUCA2	8221	5013	6000	3128	7158	4641	4638	2912	5281	3283	5833	3040
GCLC	3238	3808	2207	2184	3558	4235	3388	4187	3464	4405	3788	5454
NFYA	2218	2351	2041	1615	2559	2239	2426	2348	2330	2455	2574	2829
STPG1	337	327	477	314	517	370	493	421	454	409	462	397
NIPAL3	802	746	786	589	1251	976	1220	871	1078	855	1060	783
LAS1L	9042	9904	10133	11677	7644	10042	7936	10440	7387	8979	6877	9566
ENPP4	177	75	80	30	227	152	189	99	155	136	224	213
SEMA3F	3790	3643	4434	4038	3346	3300	2979	2675	2563	2682	2572	2735
CFTR	24	28	20	1	27	18	23	11	18	20	16	14
ANKIB1	3711	3852	3090	2328	4688	4876	4892	4875	4708	5098	5116	7607
CYP51A1	6698	5344	4869	2983	5839	4345	5031	3356	4960	4574	5867	5670
KRIT1	2196	2471	1823	1436	3237	3201	2823	3516	2882	3936	3477	4333
RAD52	372	422	275	224	570	507	489	513	607	616	568	711
MYH16	4	9	6	10	10	6	8	4	2	5	4	4
BAD	7309	7372	8429	8791	8419	7546	9134	8284	7683	7507	7283	7468
LAP3	8780	9479	6487	6972	13683	18341	13663	18915	11972	14726	12794	17527
CD99	4138	2990	4443	2770	3893	2807	3623	1999	3780	2418	3523	1986
CD99	4146	2982	4449	2764	3895	2799	3624	2002	3779	2398	3512	1991
HS3ST1	6	5	19	12	12	5	6	4	1	6	4	14
AOC1	11	14	25	17	5	10	4	2	1	3	5	8
WNT16	1	1	1	0	1	4	4	1	0	0	7	0
HECW1	4	3	6	9	3	6	2	9	2	6	1	5
MAD1L1	2862	3524	3424	4117	2737	3660	2875	3885	2539	3502	2301	3935
LASP1	22145	31830	24900	33650	23089	32085	24348	34956	23722	33595	23747	37388
SNX11	2499	2494	3025	2696	3388	2808	3086	2991	2868	2831	3015	2924
TMEM176A	17	22	29	17	25	20	11	15	17	16	13	5
M6PR	6786	5359	5159	2937	6727	4914	5704	3347	5651	4068	5884	3759
KLHL13	389	519	189	221	385	551	414	539	422	530	415	848
CYP26B1	202	246	109	123	70	82	55	52	50	75	53	72
ICA1	7922	8500	7680	7844	9177	9342	9271	11144	8214	8644	8170	8836
DBNDD1	10775	10307	12920	11908	10483	8691	10788	9501	9778	8959	8770	8276
ALS2	1003	1143	851	776	1258	1284	1255	1293	1017	1292	1241	1538
CASP10	48	64	80	87	78	81	54	77	43	69	68	89
CFLAR	2622	2997	2714	2342	3893	3420	3622	3524	3295	3181	3055	3369
TFPI	353	249	230	155	488	343	288	282	291	260	239	247
NDUFAF7	1004	992	1260	995	1611	1730	1362	1629	1465	1540	1515	1541
RBM5	5175	5112	3938	3202	6413	6231	6490	6936	6088	6756	6020	6331
MTMR7	169	209	133	113	207	235	224	228	228	234	233	371
SLC7A2	16188	13726	10195	5646	11701	7809	9491	5694	7987	6787	10777	8637
ARF5	20915	17315	24474	20916	21511	20441	18771	17464	18171	17073	17556	16694
SARM1	813	918	991	1174	886	1040	900	1167	963	890	772	970
POLDIP2	22619	25740	24780	28309	21796	25880	22252	27738	19974	23859	19001	25099
PLXND1	2607	3531	2181	2475	1403	1595	1058	1379	1045	1371	988	1280
AK2	21108	22120	20708	21060	23825	21916	23991	24576	23233	20658	22362	21689
CD38	21	17	32	17	29	8	17	11	32	19	23	18
FKBP4	84365	96815	82679	96865	80951	99435	86998	104453	77162	88475	69999	97218
KDM1A	7519	8676	7988	8677	8181	10042	7840	10192	7786	9389	7670	9770
RBM6	5104	5593	4147	3729	5662	5350	5736	5938	4904	4790	4825	4844
CAMKK1	455	546	501	495	600	665	576	657	604	762	570	751
RECQL	1785	1641	1574	1098	2504	2732	2389	2721	2392	2702	2692	3275
VPS50	975	965	640	528	948	1037	914	1081	926	1212	1088	1736
HSPB6	22	25	69	48	34	18	26	32	19	23	13	15
ARHGAP33	530	531	609	514	578	514	508	519	366	467	364	451
NDUFAB1	22767	26978	19827	21750	30211	32328	28756	34951	28859	30294	30705	34274
PDK4	3	1	14	1	17	21	12	22	14	24	18	43
SLC22A16	128	119	115	73	96	72	104	50	106	86	93	107
ZMYND10	55	40	44	54	49	39	56	53	56	47	43	47
ABCB5	9	3	1	2	2	3	7	4	1	2	1	1
ARX	133	150	168	135	146	141	175	140	164	159	153	231
SLC25A13	4477	4965	3107	2911	5583	6384	5568	6649	5428	6456	5807	7565
ST7	2285	1950	1920	1114	2247	1541	1785	1350	1876	1313	1850	1166
CDC27	3576	3646	2862	2207	5161	5131	5385	5291	4833	5975	5408	8106
SLC4A1	7	14	14	12	11	15	25	4	17	9	13	16
CALCR	132	81	221	99	132	101	112	111	119	153	167	171
HCCS	4926	4608	4683	4116	5935	5762	6402	6194	6273	5627	5793	6097
DVL2	4120	4390	4581	4351	3116	3827	3827	4112	3388	3949	3185	4543
PRSS22	2111	1518	1569	946	1607	1370	1310	1180	1126	1076	1158	1107
UPF1	8225	9933	8934	9949	7022	9550	7843	9435	6534	9482	6762	9886
SKAP2	2472	2429	1753	1289	3124	3285	2916	3348	3074	3461	3294	4567
SLC25A5	108217	134049	86012	106358	132234	181891	141395	199725	116458	160609	131520	197699
MCUB	3423	3232	2811	2363	4030	3815	3986	4095	3371	3975	4333	4921
HOXA11	158	159	126	92	84	76	133	124	82	105	126	107
POLR2J	35548	26852	48688	37153	39383	24705	42057	28787	38426	26372	34017	22461
DHX33	2529	2562	2507	1745	3185	2415	2805	2283	2889	2721	3047	3315
MEOX1	0	0	0	1	0	0	0	0	0	0	0	0
THSD7A	2	3	3	5	3	1	15	3	11	4	4	3
LIG3	1905	2092	2038	1907	1728	2033	1750	2037	1760	1880	1601	2188
RPAP3	3270	3268	2448	2062	3889	4426	3547	4543	3711	4913	4159	6400
ACSM3	60	50	77	48	51	66	18	51	89	45	59	60
REXO5	1773	1702	2017	1728	2543	2438	2644	2710	2484	2623	2318	2446
CIAPIN1	5488	6157	5589	6315	6321	6875	6160	7418	6307	6988	6236	7403
SPPL2B	666	851	700	535	552	572	400	378	303	410	390	474
FAM214B	451	520	660	481	771	630	905	805	622	554	642	696
COPZ2	454	427	413	327	654	484	636	590	618	508	575	551
PRKAR2B	1243	1179	870	704	1292	1351	1485	1327	1210	1280	1355	2624
MSL3	1240	1322	1043	1075	1411	1428	1564	1581	1465	1591	1469	1815
CREBBP	4306	5353	3645	3394	3887	4315	4081	3608	3719	4229	3511	5511
TSPOAP1	4	0	1	2	0	2	0	1	0	0	0	1
MPO	0	0	2	0	0	2	0	0	1	0	0	4
PON1	0	0	0	1	0	0	0	1	0	0	1	0
GCFC2	880	876	789	672	927	898	972	1023	1069	1176	1295	1557
WDR54	4208	3298	3899	3545	5562	4555	5196	4229	4365	3572	4616	3557
CROT	1600	1238	1675	1087	2026	1842	2095	1981	1726	1655	2113	2371
ABCB4	161	107	153	103	96	106	174	105	153	96	145	136
KMT2E	2932	3962	2085	2212	3380	3586	3165	3532	3418	4377	3537	4609
RHBDD2	6129	4246	6352	4222	5659	3593	4808	2991	4466	3140	5029	3145
SOX8	19	22	15	15	7	10	16	7	3	11	10	20
IBTK	3039	3000	2564	1568	3484	3641	3785	3667	3445	4431	4760	6988
ZNF195	1171	1159	1207	864	1463	1325	1419	1498	1679	1595	1575	1734
MYCBP2	1325	1947	759	1025	1538	2232	1428	2020	1428	2028	1368	2237
FBXL3	1191	1155	892	706	1441	1470	1371	1305	1466	1643	1556	2629
ITGAL	23	11	20	13	17	29	31	23	13	6	11	12
PDK2	1763	2014	2044	2320	2212	2826	2183	2651	2103	2324	1760	2520
ITGA3	3883	4106	3191	3239	2354	2620	1845	1840	1566	1900	1608	2035
ZFX	996	1150	818	697	1195	1085	1249	1038	1175	1113	1190	1411
LAMP2	3368	1822	2087	857	2760	2141	2067	1393	1995	1565	2783	2304
ITGA2B	187	215	286	217	331	378	243	255	267	326	229	288
ASB4	20	17	19	11	26	16	12	17	10	22	24	21
GDE1	8254	5666	6709	3856	9543	5741	8316	4719	7329	4665	7566	4323
C19orf60	2489	2923	3856	3287	3641	3214	3350	3123	2443	2211	2289	2484
CRLF1	1059	756	980	640	725	578	604	423	584	480	685	459
OSBPL7	859	726	794	638	949	921	768	861	742	798	679	768
TMEM98	11	18	16	1	11	13	12	10	13	10	7	4
YBX2	5514	6358	7206	7782	7276	7831	6547	7181	7332	7348	6111	7040
KRT33A	3	2	1	0	0	0	1	0	0	3	1	0
MAP3K14	1043	996	994	977	812	704	852	860	797	947	790	872
ABCC8	109	139	110	75	119	94	112	126	70	103	89	99
CACNG3	0	1	2	0	0	0	1	1	1	0	1	0
TMEM132A	5140	5877	4675	4810	4068	5212	2642	3100	2521	3250	2145	3233
AP2B1	5700	6295	5410	5381	6984	7128	7046	7389	6146	6845	5679	6822
TAC1	2	0	0	0	0	0	0	0	0	0	0	0
ZNF263	4655	4550	5026	4321	4555	4286	4390	4087	4159	4035	3928	3865
CX3CL1	8	11	9	8	5	2	0	0	3	6	10	6
SPATA20	8617	9237	9721	10036	7390	7521	7703	7954	6556	6805	6182	7159
CACNA1G	20	16	14	10	7	5	8	10	17	18	17	18
TNFRSF12A	23243	16202	23433	16282	14369	10043	13403	9392	13618	11207	15191	11180
DLX6	0	0	0	1	1	0	1	0	0	0	0	0
MAP3K9	2703	3772	2317	2765	2337	3088	2422	3318	2585	3385	2731	4150
RALA	6593	6859	7041	6652	7293	6799	8448	8113	8528	8201	8735	9474
BAIAP2L1	4091	4113	4271	4037	4014	4507	4160	4661	4528	4736	4167	4966
KDM7A	158	186	206	123	170	177	196	175	187	210	171	271
ETV1	1	2	0	0	2	2	0	0	2	1	0	2
AGK	2925	2894	2861	2401	2731	2797	2644	2684	2696	2873	2729	2838
ALDH3B1	452	456	515	619	306	322	238	320	251	265	218	293
TTC22	99	107	124	135	83	86	72	104	86	98	96	99
PHTF2	941	673	621	301	1135	817	978	582	948	856	1083	1383
CCL26	3	5	6	6	19	9	12	14	11	9	10	2
FARP2	1022	1227	1228	999	1376	1472	1387	1463	1352	1548	1403	1835
USH1C	1	4	0	4	2	0	0	1	0	4	1	1
GGCT	44433	43449	49994	42878	57105	50827	61861	63968	59414	57834	66881	64508
DBF4	5723	5430	4885	3554	7501	7218	7551	7395	7951	9392	8859	11922
TBXA2R	17	22	40	27	39	9	38	12	22	20	21	30
IFRD1	7176	7306	5890	4356	6136	5628	5987	5980	6919	7310	7745	8404
LGALS14	1	1	2	4	0	1	0	5	3	6	1	3
COX10	1771	1557	2207	1803	1712	1330	1774	1360	1876	1583	1959	1720
GTF2IRD1	3017	3152	3269	3048	2495	3266	2729	3593	2745	3437	2251	3121
PAF1	12920	14015	14525	15579	13336	18316	15094	19604	13622	15218	11606	16672
VPS41	1450	1535	1349	1037	1557	1852	1735	1904	1575	1931	1844	2582
ARHGAP44	736	836	902	704	795	914	1054	1006	843	867	738	1020
ELAC2	7291	7491	7231	6916	5575	6275	5426	6375	5164	5552	5196	6117
SCIN	1332	1523	261	257	441	503	341	419	507	625	437	617
ARSD	2069	1732	1662	1229	1859	1347	1302	922	1199	938	1374	956
PNPLA4	952	699	948	676	914	515	1031	706	956	709	1115	777
MYH13	0	0	0	1	0	0	2	0	0	0	2	0
ADIPOR2	44909	42185	41567	33486	37383	29247	30887	25749	26828	22430	30829	24985
CDKL3	185	168	141	131	134	139	144	118	163	165	204	226
UPP2	13	10	27	16	18	11	27	13	58	13	23	13
PRSS21	3	3	0	0	0	0	3	1	0	0	1	0
MARK4	1904	2313	2518	2511	1890	1935	1955	2176	1708	1968	1683	2051
PROM1	1	0	2	4	5	1	8	6	1	4	3	4
CCDC124	13548	15853	17529	20203	12541	14542	14428	15219	12033	13919	10994	14956
CEACAM21	4	11	6	4	6	2	22	11	8	1	5	13
PAFAH1B1	9833	11457	9273	9636	12107	13891	12340	15083	12921	14546	12110	15921
NOS2	2	5	2	2	0	2	0	0	0	0	3	5
DNAH9	1	5	6	2	0	0	1	1	1	1	4	1
KIAA0100	20843	28951	20084	25839	19840	24140	19430	22831	17023	19493	16338	21598
SLC13A2	3	0	13	2	12	0	5	1	0	1	2	2
GAS7	3	6	2	2	1	2	5	4	1	7	2	1
TRAPPC6A	2975	3564	4219	4834	3481	4361	3945	4398	3343	4090	3502	4778
MATK	3838	4202	4567	4805	2921	3556	3630	4225	2741	3640	2890	4096
CEACAM7	14	23	26	27	47	23	49	38	22	31	47	33
CD79B	0	1	0	1	1	0	0	0	0	3	1	0
SCN4A	1	1	4	0	9	2	0	0	0	1	2	0
ST7L	1011	816	1065	593	1246	823	1198	767	1054	882	1209	877
TKTL1	0	0	0	0	0	0	2	0	2	0	0	1
PAX6	6	8	3	3	10	8	2	4	1	2	6	1
RPUSD1	7800	9905	9671	11949	6852	9296	7871	9595	6558	9040	6297	10107
RHBDF1	4034	4927	3840	3879	3696	4160	2619	3611	2803	3618	2763	3577
LUC7L	8032	8147	11070	10217	7849	8955	8607	10057	8409	9270	8231	10924
CACNA2D2	152	150	105	87	119	94	57	91	69	68	74	101
BAIAP3	248	333	334	363	305	424	304	438	283	344	294	400
TSR3	9867	11521	9785	11488	9472	11049	9947	12067	8979	10689	8517	11357
PIGQ	1934	1942	2270	2193	1974	2320	1739	1755	1209	1272	1435	1600
CRAMP1	2374	3401	1954	2007	2047	2873	1816	2391	2001	2852	1943	2893
TEAD3	3399	4090	3332	3564	3290	4122	3039	3973	2938	3950	2834	3945
SELE	9	0	1	0	2	0	6	0	0	1	0	0
DNAJC11	5650	6367	6476	7074	4797	6253	5757	6971	4816	6459	4670	6911
FMO3	6	2	3	2	5	1	1	3	0	0	3	2
MYLIP	1249	1080	781	570	1456	1306	1494	1422	1373	1516	1451	1811
NOX1	60	34	63	31	28	26	68	25	44	65	46	112
E2F2	2886	3458	3187	3476	2669	3001	3163	3309	3157	3557	2719	3523
PSMB1	37625	41487	46080	49118	44584	55074	44054	58698	42886	51010	46150	53634
SYN1	29	45	34	45	21	31	23	24	18	36	28	34
JARID2	1526	1839	1761	1692	1595	1847	1629	1618	1591	1954	1714	2378
CDKL5	311	408	260	207	384	333	338	328	330	364	348	463
CAMK1G	1	1	2	0	0	1	0	0	0	0	2	0
CDK11A	3434	3899	4294	4026	3517	4097	3608	4197	3551	4113	3060	3909
NADK	7716	7798	7884	7186	7824	7303	8754	8801	7233	7975	7884	8948
TFAP2B	10	1	0	1	2	5	4	3	14	1	3	3
TFAP2D	0	0	0	0	0	0	0	0	0	0	0	0
DLEC1	8	5	21	13	7	3	17	5	4	9	14	12
CYTH3	666	799	518	574	590	653	628	721	560	674	581	784
ADAM22	316	315	224	122	296	270	282	206	264	237	291	256
SYPL1	6535	4337	2700	989	6442	4913	5294	3028	4424	3570	6463	5564
CYB561	22661	20158	21658	17657	26292	20187	20681	16253	21873	17862	20547	15788
SPAG9	2745	3311	1768	1728	3487	4529	3253	4290	3833	4941	3791	6454
CELSR3	1709	1690	1854	1637	1073	1294	1119	1092	986	1055	1000	1255
AASS	0	0	2	1	0	0	0	1	0	0	3	2
PLEKHG6	1338	1471	1545	1532	1570	1657	1559	1804	1445	1536	1313	1606
SS18L2	2515	2055	3344	2482	3474	2411	3822	2940	3696	3082	4008	3530
MPND	1859	1946	2626	2764	2385	2568	2936	2815	2246	2403	2084	2580
MGST1	22586	16547	17760	10179	26038	16765	21738	12378	21315	14864	21801	14911
CRY1	911	977	437	456	1574	1971	1824	2240	1239	1594	1369	2009
PGLYRP1	1	1	0	3	0	0	0	0	0	0	0	0
NFIX	1009	1480	1038	1035	1169	1484	1362	1423	1036	1354	1006	1862
ST3GAL1	8081	8594	7780	6753	5470	4936	4971	4656	4813	4807	4741	5015
MMP25	176	169	143	151	128	166	112	156	107	102	116	139
IL32	158	164	274	283	87	96	84	115	103	98	117	148
PKD1	1622	2028	1351	1591	1221	1846	1090	1275	951	1391	925	1456
MAPK8IP2	821	1069	877	1041	695	930	818	948	844	1135	915	1355
MED24	3318	3829	3217	3465	2705	3229	2466	2920	2482	2673	2084	2815
RHOBTB2	2070	2758	2845	3146	1727	2305	2047	2679	1996	2450	1691	2650
HEATR5B	852	1133	759	634	1029	1148	918	1090	1113	1263	1100	1308
SEC62	5734	4011	5046	2770	7206	4479	7288	4037	6826	4754	7745	5786
RPS20	106228	94316	146063	133360	156165	121255	165046	140058	165383	115049	134176	108297
CSDE1	119227	129691	122081	122134	146552	157421	149473	162408	144102	156582	135615	167035
UBE3C	8639	10185	7836	7591	8297	9486	8952	9606	7821	9391	8453	10766
REV3L	1640	2192	1009	1027	2206	2700	2081	2675	2088	2944	2384	4489
TENM1	4	1	0	0	0	0	8	0	2	3	2	1
PAX7	2	1	2	0	1	0	0	1	0	0	1	0
MASP2	14	21	8	13	2	5	0	6	14	4	8	6
IYD	29	13	26	7	14	15	32	9	27	18	22	12
FAM76A	445	393	373	312	481	429	452	408	435	479	548	615
TRAF3IP3	47	58	38	42	34	44	47	26	33	26	29	25
POMT2	2587	2575	1968	1680	2063	2088	1827	1795	1491	1670	1727	1737
VTA1	4705	5032	4738	4461	6013	6432	6052	6685	5933	7835	6871	10408
MLXIPL	501	535	520	351	358	466	419	405	348	455	355	471
BAZ1B	9268	12346	11088	11080	9805	11700	10445	11609	10474	12398	9542	13708
RANBP9	6983	7477	4860	4516	7316	8219	7412	8535	6889	8740	7162	10619
ETV7	33	49	113	115	69	98	177	115	73	98	126	183
SPRTN	1191	1226	1338	1138	1571	1746	1796	1785	1426	1719	1669	2225
METTL13	9154	10862	7111	8089	10211	13167	9825	13176	8921	11354	9163	12504
DYRK4	798	757	998	922	823	774	948	808	807	819	752	774
ZNF207	12331	14732	10887	12617	14258	17069	13121	17566	13724	17784	14938	20856
UQCRC1	23110	21362	22121	22763	14943	15831	13904	15475	11030	12308	12911	15041
STARD3NL	1326	977	1073	721	1337	984	1352	966	1418	1232	1611	1135
CD9	24228	16299	13341	8648	26998	21350	21907	14027	18175	13530	19406	13618
HHATL	0	1	1	0	0	0	0	0	0	0	0	0
NCAPD2	10511	11899	10162	10354	12338	14525	11597	13577	10204	11746	8256	11164
IFFO1	10	11	24	3	12	4	7	3	9	6	7	7
GIPR	12	11	16	19	17	29	23	29	26	26	12	19
PHF7	99	76	125	81	113	128	164	124	83	135	89	91
SEMA3G	45	41	29	36	19	13	30	16	20	24	15	17
NISCH	2894	3093	3192	3095	2838	2848	3173	3331	2644	3057	2836	3235
STAB1	7	2	7	7	2	3	4	2	15	5	1	8
FUZ	708	720	993	1125	906	958	961	1030	712	787	735	876
SLC6A13	0	1	0	0	0	0	0	1	0	1	3	2
IDS	10373	5585	10607	4054	7685	2656	8688	2944	7802	4049	8285	3554
PRSS3	0	0	0	5	0	0	0	0	0	0	0	0
ZNF200	921	943	890	745	1241	1218	1130	1415	1223	1557	1376	1669
CD4	1	4	0	0	11	3	3	1	0	3	1	2
LRRC23	1175	1206	1624	1524	1360	1301	1603	1581	1168	1154	1168	1198
BTK	39	35	30	33	65	20	13	30	34	41	69	52
HFE	224	157	230	127	244	160	189	148	179	166	224	150
SCMH1	1459	1402	1667	1244	1611	1170	2015	1361	1478	1265	1399	1143
FYN	106	97	83	72	63	106	128	105	87	109	100	130
HIVEP2	956	1161	822	711	964	942	898	843	891	1030	827	1112
FMO1	2	4	3	3	18	9	9	8	15	5	9	9
ELOA	6296	6765	6729	6254	6550	6328	7037	6712	6581	6866	6505	6886
LYPLA2	6845	7700	7947	9090	6734	7624	7735	9357	6262	7156	6113	8359
CLCN6	634	675	513	383	521	438	418	427	489	479	484	490
MRC2	264	268	316	334	226	284	183	246	246	280	218	279
NME1-NME2	414	700	435	827	649	884	1923	1539	1089	1022	587	849
SLC6A7	0	1	0	0	0	0	0	0	0	0	0	0
TSPAN9	1673	1493	1211	906	1376	1218	1031	792	1079	1028	1080	980
BTBD7	3065	3294	3011	2055	3006	2536	3007	2500	2708	2878	3032	3949
APBA3	493	563	520	639	435	639	435	632	429	589	415	631
MKS1	3167	3666	3798	3839	3097	3819	3566	4031	3207	3610	2857	3701
ABHD5	1894	2293	1869	1981	2256	2168	2017	2711	2109	2458	2416	2764
ANOS1	78	57	81	34	115	74	122	49	72	53	86	71
AKAP8L	6653	6855	6473	5600	5789	5889	6314	6460	6035	6418	5489	6315
MBTD1	966	1005	819	469	1497	1353	1639	1356	1417	1648	1686	2256
UTP18	7809	8261	6435	6166	9660	10989	9040	11576	9861	11851	10238	13646
RNF216	5029	5985	5030	5558	4460	5390	4859	5793	4440	5470	4139	6009
TTC19	3949	4213	3594	2398	4853	4574	4544	4962	4380	5398	5560	6360
PTBP1	26456	27582	32423	27982	25657	28155	29929	29060	25811	28629	24593	31232
DPF1	443	449	368	349	480	486	479	516	433	505	394	608
SYT7	2960	3112	2484	2603	2760	3006	2520	2430	2088	2353	1938	2329
LARS2	1921	1746	1362	1117	1076	777	889	820	904	864	1052	934
PIK3C2A	1241	1309	976	650	1485	1875	1536	1598	1487	1792	1690	3063
PLAUR	540	411	641	439	417	321	348	332	464	370	438	385
ANLN	4894	4966	2642	1812	5734	5520	4648	4850	4814	5172	4915	6207
WIZ	7283	7228	7415	6643	6067	5798	6366	5786	5621	6060	5552	6727
RABGAP1	3341	4185	3010	2638	4048	4219	3790	4141	3749	4249	3835	4636
DCN	8	8	5	0	1	1	7	3	3	6	3	6
QPCTL	639	462	626	333	579	460	490	265	426	329	395	294
PPP5C	9529	11537	9788	11733	8939	11838	9449	13095	8430	10332	7707	10993
CEP68	1043	1093	1088	1142	1282	1316	1145	1303	1296	1533	1277	1758
MAP4K3	1160	1151	598	361	1546	1680	1694	1549	1396	1818	1612	3051
ZBTB32	14	21	13	9	3	15	1	13	1	10	14	5
TYROBP	1	0	0	2	0	0	0	0	0	0	1	0
TMEM159	2244	1917	2009	1493	2361	1688	2701	1816	2460	2130	2741	2584
GABRA3	0	1	1	3	1	5	0	2	0	0	0	0
BRCA1	2767	3631	2693	2243	3385	3938	4109	4411	3455	4095	3712	5007
ERCC1	2805	2734	3221	3522	3538	3357	4070	3856	2835	2704	2782	2810
CD22	96	102	94	98	72	55	80	59	34	45	53	40
SEMA3B	1350	1461	1605	1236	731	830	481	494	545	550	459	568
MBTPS2	581	501	278	133	566	514	397	351	445	388	648	654
PRICKLE3	2532	2817	3137	3174	2176	2579	2390	2610	2075	2592	1955	2888
LTF	15	8	26	20	21	22	39	23	10	14	13	14
EXTL3	839	933	811	717	696	725	511	518	590	671	567	614
NR1H4	2	6	5	1	3	3	4	2	2	5	7	6
ELOVL5	3245	2443	1849	1143	3024	2472	2345	1644	2168	1835	2639	2518
ALOX5	0	1	1	3	1	7	0	0	0	2	3	2
KDM5D	3	1	3	0	6	0	0	1	6	2	0	4
CALCOCO1	320	387	426	437	567	640	484	665	389	471	381	501
UBR7	12977	13447	12732	11131	15119	15164	15943	17720	14612	16289	15697	18370
MAP4K5	2689	2729	1822	1315	2910	2939	3152	2944	2787	3508	3427	5539
EHD3	1352	1784	1484	1855	1333	1660	1396	1714	1267	1658	1254	1611
PSMC4	28065	31099	33616	39062	28360	35837	30783	37951	27437	30578	22381	29040
MAN2B2	2691	2471	1841	1428	2426	2088	1879	1667	1710	1558	1938	1696
SLC7A14	5	9	8	6	2	4	4	3	1	7	4	12
CLDN11	82	61	125	80	111	84	133	76	111	65	62	58
SLC25A39	60726	56633	67126	63441	54628	45945	62110	54525	50973	45900	46492	43692
MVP	1387	1717	1504	1965	1348	1950	1721	2523	1210	1537	1282	2011
NUB1	2606	2904	3045	2853	3032	3475	3470	3811	3086	3643	3237	4127
PGM3	2152	1965	1618	1592	2497	2918	2430	2999	2474	2988	2600	3272
RWDD2A	467	477	347	316	682	740	663	837	658	744	807	898
CLK1	3523	3039	2675	1777	4905	4080	4386	5088	4749	5228	5842	5571
POLR3B	1403	1613	1358	1258	1397	1498	1279	1780	1235	1635	1413	1696
ANGEL1	4316	4408	3216	2654	3423	2770	2899	2410	2409	2389	2809	2727
RNF14	2748	2798	2223	1873	3245	3235	3234	3659	3235	3791	3994	5615
DNASE1L1	3762	3363	4476	3258	4228	3006	3719	2645	3376	2585	3355	2467
DDX11	4682	5329	5398	5058	4596	5265	4792	5765	4786	5313	4170	5491
HEBP1	10527	10739	8515	8227	11697	11523	13223	13116	9822	9501	10083	10991
GPRC5A	6798	6584	6318	4967	7979	6229	5368	4384	5275	4370	5506	4093
MAMLD1	673	686	558	443	596	545	586	567	543	644	665	708
CD6	2	3	3	1	0	1	3	0	2	1	2	2
TACC3	17219	19112	21699	23011	18679	24313	19311	23003	17167	20205	13991	19616
UFL1	946	792	724	357	1026	750	856	474	762	590	819	846
POLA2	6412	7293	7975	8483	7828	10323	8835	11481	7327	9439	7203	9476
ZC3H3	3315	3824	4245	4636	2356	3185	2781	3384	2426	3024	2168	3443
CAPN1	15733	20200	15217	19444	17192	25398	17242	25194	14053	20251	12826	21027
ACPP	127	48	85	44	86	58	73	44	51	32	61	43
MDH1	18184	20531	15613	18468	24198	32085	21912	32539	21338	27476	22539	31159
SLC30A9	2846	2732	1798	1314	3101	2945	3237	2780	2842	3123	3521	5201
MTMR11	737	868	1091	874	1197	1088	1290	1365	1119	1102	1206	1325
COX15	4470	4373	4876	4493	5101	5037	4485	4647	4679	4642	4976	5339
CCDC88C	3455	4595	3124	3604	2878	3797	2891	3414	2718	3471	2616	4080
YAF2	878	822	759	563	1288	1040	1294	1111	1301	1138	1250	1725
ZMYND11	8681	8830	6136	4913	9409	9248	10418	9470	8898	11120	10284	16518
WAS	266	291	329	332	248	231	192	226	191	243	185	240
DPEP1	4	2	1	0	0	4	0	2	0	1	0	0
BID	6489	6329	6598	5645	6451	5466	5816	4960	6134	5574	6118	5241
MATR3	14921	14174	10158	7355	16306	18801	18068	17188	15750	18855	16300	28218
NPC1L1	7	23	17	6	0	9	3	3	0	11	1	9
XYLT2	3373	3379	3248	2967	2527	2509	1825	1854	1805	2092	2027	2253
RGPD5	595	760	486	453	842	909	853	732	501	558	846	1167
STMN4	21	29	29	35	12	10	29	13	21	31	45	47
NUDCD3	4064	4467	4201	4042	4451	4420	3779	4157	3755	4055	3634	4087
ISL1	0	2	0	0	0	0	2	2	0	5	2	3
CHDH	1909	2093	1729	1607	1339	1469	1306	1248	1127	1319	1278	1368
IL20RA	88	80	38	48	103	83	129	68	63	70	104	61
CLCA1	0	0	0	0	0	0	0	0	0	0	0	0
CLCA4	0	0	0	0	0	0	0	0	0	0	0	0
GLT8D1	1984	1622	2008	1277	2644	1769	1925	1810	2008	1690	2273	1567
ATP2C1	2690	2546	1619	1067	2696	2352	1959	1817	1888	2124	2596	2612
IGF1	3	3	0	1	1	1	0	1	2	1	1	2
SLC38A5	25	16	13	9	12	9	8	5	15	25	16	21
RALBP1	5718	7274	5810	6512	6717	7458	6864	7973	7252	8756	6836	9790
RUFY3	773	871	802	709	913	930	1033	1069	1129	1018	988	1044
CNTN1	3	2	2	0	0	1	0	1	4	5	1	3
SLC11A1	138	116	139	116	124	107	118	105	109	112	97	103
WWTR1	815	755	870	773	916	880	890	930	1038	957	1003	1277
AGPS	3	3	0	5	5	1	0	1	8	2	8	1
ZNF806	0	0	0	0	0	0	0	0	0	0	0	0
CXorf56	2574	2472	1908	1698	2614	2822	2625	2914	2521	2867	2654	3536
ATP1A2	3	3	3	3	2	3	1	1	0	2	2	6
TTC27	1964	2189	1959	2144	2161	2708	1890	2687	2346	2799	2378	2837
ZNF582	0	1	0	0	0	0	0	0	0	0	0	0
VSIG2	16	21	22	22	17	20	45	29	16	22	22	14
PHLDB1	1537	1804	1987	2223	1455	1960	1606	2023	1404	1809	1316	2051
MARCO	0	0	0	0	0	0	0	0	0	0	0	0
CYP24A1	84	118	48	51	39	51	63	72	29	61	50	104
PRDM11	418	486	409	381	325	321	404	317	270	294	241	264
SYT13	12	11	6	6	13	17	11	4	11	15	13	13
SNAI2	0	1	5	0	3	1	0	0	0	0	0	0
CD74	34	18	54	39	61	27	33	19	54	36	47	22
HGF	0	1	0	0	0	0	0	0	0	0	0	0
ZRANB1	3622	3861	2856	2694	4317	4116	4094	4265	4331	4992	4394	5762
NCDN	3477	4281	4511	5071	3806	4525	3716	4536	3365	4087	3319	4522
ADGRA2	25	22	13	12	8	16	5	19	6	16	5	10
CCT8L1P	0	2	0	0	0	0	0	0	0	0	1	2
ZFP64	1951	1977	1753	1694	2105	2189	2126	2223	1979	2187	2114	2621
MNAT1	5699	6002	5015	5073	6572	7405	6599	8199	6173	7124	7163	8588
SAMD4A	1975	2431	1279	1180	1283	1355	1234	1268	1560	1619	1365	2154
RUNX3	4	9	20	11	7	11	6	7	14	8	8	4
MRE11	1659	1676	1358	1203	1727	2097	1809	2203	1752	2193	1682	2301
PLEKHB1	1202	1378	1835	2034	2094	2435	2137	2654	1787	2013	1888	2275
SERPINB1	2760	3053	2988	3121	3620	4131	3457	4038	3131	3540	3385	4200
CYP3A43	3	2	0	1	0	5	4	5	2	1	2	0
SLC7A9	7	1	6	1	12	2	2	4	8	4	5	5
SPAST	728	625	546	321	714	693	773	567	722	678	714	1494
NRXN3	8	6	3	5	2	6	11	1	1	2	4	3
OSBPL5	589	801	733	816	556	890	634	809	588	862	563	848
AQR	4145	4688	4070	4136	3718	4320	3504	4432	3709	4675	3943	4639
CPS1	70	43	16	23	16	19	2	5	22	25	21	15
C8B	0	0	0	0	0	0	0	0	0	0	0	0
FHL1	2357	2463	2562	2313	3971	3621	3389	3739	3005	3228	2928	3338
RTFDC1	20833	23020	21274	24131	24016	27108	25432	28921	24195	26120	22145	27514
GABRA1	2	4	1	2	3	0	0	0	0	4	1	1
NLRP2	7	9	4	4	5	5	1	1	7	2	3	4
SLC45A4	1077	1443	1083	922	939	1028	876	790	793	907	710	937
RNF10	16107	18645	19408	20602	19996	20121	21494	23851	19545	21137	17807	21540
ZNF839	3323	3558	2952	2447	3197	3380	3275	3467	2630	3225	3141	3387
ZDHHC6	4382	3333	4757	2649	5556	3607	5302	3608	5340	3822	5305	3747
GRAMD1B	12	28	26	29	14	14	32	20	34	17	18	16
RNH1	13099	16245	13636	16746	11273	17740	12383	17698	10436	15098	9974	17939
NDUFS1	7550	8410	6743	7069	9156	10978	8264	11166	8227	9258	8114	9953
RB1CC1	843	920	681	499	1125	1215	1024	1088	1162	1491	1178	2135
ERP44	3637	2024	3416	1426	3505	2248	2698	1828	2823	1954	3244	1959
ALAS1	2998	3509	2690	3155	2713	3343	2767	3488	2458	2788	2571	3139
BIRC3	159	126	173	132	186	156	233	141	134	170	203	220
AKAP11	1513	1604	1069	797	1414	1523	1404	1188	1306	1560	1572	2553
GLRX2	4419	4953	4987	4823	4768	5333	5556	6537	5348	6483	6593	8479
SNAPC1	1196	1025	1129	759	1555	1271	1414	1366	1541	1551	1746	1763
DERA	2527	2443	2737	2605	3007	3166	3343	3362	3250	3106	3015	3758
STRAP	14193	16750	10616	10377	15530	16819	12990	17679	16178	18998	18353	23236
ABCC2	103	101	123	93	49	56	71	44	79	93	110	91
DEF6	1624	1854	1574	1714	1395	1644	1185	1420	1192	1327	1049	1357
PLEKHO1	1133	1164	1629	1690	1259	1291	1547	1497	1453	1462	1344	1539
GCLM	2186	2308	1576	1477	2383	2720	2412	2798	2438	2824	2466	3837
UBR2	2162	2266	2120	1979	2365	2451	2267	2415	2373	2601	2248	2634
EHD2	2414	2976	3334	3787	2724	3197	2724	3144	2849	3406	2804	4045
DEPDC1	1040	962	810	465	1670	1191	1202	1015	1412	1403	1481	1993
CCDC28A	604	608	659	593	789	797	730	845	840	848	841	945
RRAGD	429	340	475	359	369	333	639	578	504	472	707	691
HSF2	785	710	773	544	740	820	850	893	1009	1110	1023	1247
PHF20	2150	1987	2015	1618	2525	2294	2454	2224	2386	2242	2376	2604
HSD17B6	79	110	81	66	91	91	77	84	91	92	100	102
NR1H3	1072	1127	1096	1082	1449	1368	1236	1526	1441	1375	1160	1354
TYMP	212	366	439	496	345	465	341	464	300	343	289	478
NCAPH2	4670	5224	5519	6222	4720	6141	5076	6660	4261	5083	3769	5315
TOMM34	8404	8971	7549	8172	7058	7467	7187	8662	7163	7763	6913	8388
SEC63	4838	3909	3685	2231	4625	3412	3482	2571	4293	2903	4355	3512
KPNA6	4266	5517	4261	4749	5270	5973	5820	5747	5369	6232	4602	6374
VIM	14	19	26	37	13	25	4	37	36	29	26	32
RTEL1-TNFRSF6B	380	503	320	409	253	433	285	385	263	335	259	456
FAS	183	107	86	61	219	161	205	171	215	177	337	280
RNASET2	4098	2851	3868	2636	4179	3080	3464	2305	3226	2126	2873	1998
CD44	5781	5659	3092	2543	4064	3293	2867	2342	2905	2323	3548	2897
KCNG1	769	913	888	749	599	650	526	476	582	599	499	568
AGPAT4	0	2	2	3	1	0	0	0	0	0	0	2
SLAMF7	5	0	0	0	0	1	4	1	0	0	1	0
BTN3A1	23	24	22	31	37	42	28	34	42	38	59	50
MIPEP	1574	1461	1235	1104	1239	1441	1185	1591	1158	1452	1285	1534
PRKCH	2408	2859	1543	1589	2586	2966	2473	2988	2449	3158	2750	3652
INSRR	0	0	0	0	0	0	0	0	0	0	0	0
IFNGR1	921	560	712	414	797	550	607	460	738	557	823	591
B4GALT7	2192	1716	2318	1872	1603	1346	1561	1202	1415	1184	1391	1243
SH2D2A	76	52	47	87	63	59	59	37	67	48	33	31
VRK2	2042	2212	1636	1823	2268	2452	2091	2681	2497	3116	2824	3277
TNFRSF1B	3	2	0	1	0	5	5	4	2	4	1	1
VEZT	3602	3314	2192	1511	3332	2701	3134	2505	3237	2916	3670	3468
POU2F2	9	7	6	7	24	18	13	8	0	12	8	9
BRD9	3976	4685	4789	4459	3446	3961	4018	4338	3400	4038	3684	4350
SNX1	12407	13418	13877	13339	15676	18448	17158	20165	13543	15291	12846	16915
TBPL1	1200	1179	1013	796	1611	1315	1651	1578	1629	1856	2064	2214
ARNTL2	721	711	655	483	1044	760	1180	950	1042	976	1046	1005
BCLAF1	7142	7790	6017	5067	10430	11701	11143	12526	9606	12302	10802	18060
SLC39A9	9121	7923	7411	4669	10295	6125	8509	5621	8757	6799	10608	6856
ANK1	64	96	63	69	78	47	70	68	54	77	66	85
IBSP	17	11	18	7	7	19	42	14	16	18	35	14
TFB1M	655	650	1057	787	756	894	905	956	875	870	746	877
RABEP1	6182	7656	5606	5585	9156	9173	8661	10147	8457	10227	10085	11220
HMGB3	34834	36663	34026	33433	36811	36808	36588	37961	38094	37349	36497	41050
NUP160	4455	5146	3747	3046	4315	5194	4293	4916	4375	5012	4612	5776
BAK1	4688	4486	5913	5521	4864	4084	5148	4635	4929	4623	4703	4688
MUSK	0	0	0	0	0	0	0	0	0	0	0	0
IKZF2	186	179	139	95	196	194	261	202	239	275	213	507
GRN	11066	9458	9671	7676	8325	8317	5417	4519	3960	4381	4548	4329
FAM13B	1415	1564	998	839	1710	1533	1846	1779	1750	2049	1974	2928
ARHGAP31	13	16	28	20	33	11	6	11	23	16	23	16
CENPQ	594	690	351	238	663	709	716	759	652	803	864	1482
SARS	16500	17251	15764	17216	18337	23023	20985	25777	19140	21149	17956	22292
RANBP3	3968	4030	4546	4212	3762	3723	4223	4151	3778	3767	3373	4137
ARID4A	1284	1519	794	696	2089	2299	1909	2042	2510	2929	2557	3512
EIPR1	7098	7339	7641	8145	7826	8876	9496	10379	7662	8415	7281	9130
PNPLA6	909	1122	1098	870	740	799	489	603	666	608	532	605
IFT88	641	695	623	483	923	905	832	1010	859	1022	976	1319
ALG1	2924	2101	1631	1014	1847	1466	949	714	857	791	1308	911
ZCCHC8	2894	2835	2832	2323	3752	3226	3739	3610	3757	4073	3638	3949
ABCF2	9747	11316	11431	12655	9161	12019	9829	12496	9261	11311	8994	11826
CHPF2	1681	1557	1364	1122	1228	1298	867	968	761	849	843	836
LRRC7	9	12	4	4	1	6	8	3	2	5	11	9
FUT8	7088	6229	6726	4523	8924	6401	7791	6268	7683	6591	8760	6484
UBA6	1717	1682	1566	999	1962	1802	1882	1739	2077	2512	2482	3750
GAB2	1589	2179	1836	2182	1641	2258	1901	2607	1353	1872	1650	2508
ATP6V0A1	1709	1273	1287	872	1455	1197	1089	876	866	809	950	828
PIAS1	2638	2506	2678	2200	3219	3297	3254	3294	3362	3678	3341	3970
SLC4A7	445	377	298	128	471	342	404	232	479	435	461	895
APBA2	160	233	192	197	144	202	196	217	196	214	135	209
MAP2K3	6543	7611	6716	7922	6451	7189	7404	7884	6396	7974	6666	8612
EFCAB1	2	3	1	3	1	4	5	5	0	4	4	1
TMSB10	141260	105867	199072	165707	161967	104185	177412	115978	172472	104570	144393	102445
ASTE1	1130	1150	1330	1121	1431	1264	1231	1522	1423	1593	1412	1519
RNF19A	1394	1440	898	557	1513	1524	1706	1499	1533	1895	2038	3448
PEX3	1106	950	742	545	1153	1069	860	830	973	1069	1339	1058
GABARAPL2	7155	6260	5876	4672	9832	8748	10663	9755	8099	8031	9057	9400
MYOC	0	0	0	2	4	0	0	0	0	0	0	0
SH3YL1	3756	3792	3438	2998	6185	6376	7324	7593	5533	6148	5805	8604
FAM136A	13260	12494	14522	12346	16709	14230	16376	15858	15648	14910	16452	15219
VCL	2439	2619	1610	1255	2264	2138	1880	1782	1932	2196	2269	2543
DEPDC1B	1281	1366	872	825	1630	1829	1382	1658	1606	1754	1606	1892
DAPK2	1017	1080	837	890	776	847	909	995	798	912	751	1020
NSMAF	2754	2889	2493	2289	2965	3044	2876	3495	2872	3242	2798	3455
ADSS	2808	3118	2234	1718	3255	4014	3433	4204	3349	4690	4024	5576
STAP1	1	0	0	0	0	0	0	0	0	0	1	0
TIMP2	2032	1768	1891	1422	1729	1476	1202	918	1701	1364	1542	1331
RFC1	4512	5180	3863	3230	4873	5119	4992	5668	5213	5962	5548	6527
TBC1D23	1039	960	598	500	1563	1643	1468	1553	1534	1874	1895	2766
CUL3	6357	6813	4976	4961	7165	7988	7363	8396	6814	8492	7415	9923
MYOM2	0	0	0	1	0	1	0	3	0	0	3	0
OTC	0	0	0	0	0	0	0	0	0	0	0	0
CYP46A1	118	165	75	62	141	86	119	110	66	89	111	136
ZZZ3	2024	2063	1430	1343	2279	2268	2088	2232	2187	2488	2531	3442
SLC18A1	0	0	0	0	0	0	0	0	0	0	0	3
USP2	774	766	886	767	791	672	796	641	690	732	749	720
CASR	111	118	114	77	155	140	157	188	118	142	153	137
TUBG2	787	711	674	525	792	698	773	769	814	740	696	806
RPL26L1	14003	12989	16696	15498	15598	12672	14807	14496	15500	12918	14759	13091
FLT4	354	341	436	435	203	292	252	331	290	367	270	347
NSUN2	12325	13069	11181	10229	10259	12251	10706	12530	10476	11913	11161	14390
FBXO42	1720	1793	1736	1573	2226	1870	2147	2131	2089	2073	2125	2174
MFAP3	219	203	157	120	307	240	205	176	176	227	302	289
MRI1	949	874	850	769	1200	1178	1054	1082	988	1180	954	1254
METTL1	6071	6034	7241	7750	5510	5897	5904	6361	6079	5658	5535	6098
HOXC8	181	210	252	244	263	253	252	240	246	247	206	308
AGA	772	451	601	285	802	456	595	364	625	428	709	462
PI4K2B	1841	1751	1892	1195	2484	2351	3163	2378	2500	2601	2714	4405
BOD1L1	1400	2031	1006	1058	1267	1582	1036	1375	1184	1573	1321	1683
MAT2B	3130	3667	1927	2093	2887	3657	3027	3346	3127	3657	3262	6165
TLL1	0	3	0	0	0	0	0	0	0	1	3	4
EDC4	4454	5659	4290	5104	4123	6076	4103	5878	4002	5480	3469	5598
TRIO	2476	3114	1839	1704	2197	2709	2110	2319	2151	2541	2220	2901
VCAN	2	12	21	20	6	20	9	11	10	15	15	27
CLEC16A	2481	3047	2649	2640	1988	2220	2001	2094	1699	2113	1639	2327
MSR1	17	42	21	15	25	11	14	21	11	13	12	26
CDH1	28704	25631	18237	13488	23357	20608	15349	12139	13639	13531	16685	15923
SKIV2L2	4619	5399	3804	4012	4868	5807	4032	6172	4639	6718	6139	7226
DNAH5	125	159	125	102	185	198	154	170	133	196	184	205
ZFYVE16	1619	1542	1367	764	1705	1505	1890	1442	1784	1747	1822	2310
RIPOR1	4604	5661	4693	4637	4255	5292	3768	4888	4189	5309	3333	5227
C6	0	0	0	1	0	1	0	0	0	0	0	1
RAI14	1250	1363	1126	1087	1209	1181	1269	1274	1349	1428	1353	1684
SOX30	0	2	1	3	2	1	0	2	6	1	1	4
PNKP	1905	2200	2456	2472	2291	2733	2872	3125	1503	2102	1608	2345
BEST2	17	7	11	6	23	7	10	6	12	8	7	5
PHLPP2	2081	2778	1865	1854	2596	2318	1982	2446	2301	2821	2601	3234
SPDL1	2502	2560	2139	1835	3035	3289	2556	3322	2904	3837	3345	4068
STAU2	1512	1503	1437	1149	2278	2273	2253	2323	2371	2506	2208	3002
PQLC2	985	1027	1254	937	792	768	793	706	716	697	811	784
CTNS	716	567	546	397	600	448	511	363	554	417	511	380
RTN4R	487	479	471	344	279	252	232	185	255	235	215	262
PHF23	7197	7062	8704	8229	9116	9583	10091	10604	9060	9474	8646	10241
CDH10	0	2	0	2	0	0	0	0	1	0	0	1
INPP4A	1572	1857	1247	1246	1563	1740	1580	1681	1577	1687	1409	1824
RAB27B	1655	1622	1442	1173	2314	2251	2514	2307	2142	2410	2271	4213
PSMA4	40401	47471	40808	45434	59959	68340	51033	74425	61667	71398	66372	74485
MYO16	256	209	212	196	243	193	280	262	228	174	231	279
LSG1	7078	6538	5870	4576	6035	5136	4665	4308	5581	4904	5472	4980
PARP3	739	746	824	707	724	701	791	881	731	735	848	904
TNC	13	19	9	6	4	9	3	2	10	4	15	7
THAP3	1011	910	1169	1025	1030	1107	1066	1213	1185	1140	985	1178
RIPOR3	367	398	368	373	304	365	276	296	245	307	198	275
TDP1	4244	4333	4301	3660	5639	5473	5568	6216	5595	5702	5186	5499
AIFM2	6796	7471	8373	9364	6666	8192	6919	8713	6359	7516	5785	7877
C2orf83	2	2	1	3	3	1	0	0	0	6	4	0
SPATA7	970	845	860	805	1388	1211	1058	1336	1187	1352	1427	1359
MED17	1231	1395	989	874	1530	1877	1480	2126	1681	2386	1949	2493
RETSAT	1969	1506	1788	1158	1833	1425	1317	950	1241	1027	1399	1043
CAPG	1118	1254	1735	1952	1713	2169	1612	1885	1454	1679	1203	1683
AP2S1	27551	27464	32814	32887	32641	32313	39760	38401	30618	30573	30569	35014
USH2A	3	2	17	9	11	3	3	4	17	7	8	7
ZPBP	0	2	1	0	0	0	1	0	0	0	3	1
TG	8	1	4	3	1	0	0	3	0	1	5	3
ADAM28	3	4	2	3	3	2	5	4	1	4	1	1
BARX2	396	471	389	458	469	385	489	414	495	459	435	565
DCUN1D1	2470	2327	2586	1921	3108	2751	3630	2873	3408	3487	3481	5418
JADE2	5176	5991	5268	5203	6123	6150	6565	6475	5407	5904	5254	6593
ZIC2	428	443	427	389	446	441	388	394	358	442	386	562
LCP2	1	1	0	0	0	0	0	0	0	2	0	1
TRIT1	1218	1003	1336	906	1344	1160	1427	1179	1491	1334	1468	1238
ADRB1	69	67	70	55	89	67	143	97	70	91	127	96
GUCA2B	2	0	10	10	5	1	5	2	7	4	4	3
CUL7	2519	3304	2724	2862	2548	3447	2624	3543	2163	2766	1990	2922
CTNNA1	29079	32171	24984	24604	27731	32856	26527	31434	26603	30925	23959	31924
PHKA2	2107	2334	1985	1997	2208	2834	2192	2730	2008	2405	1856	2345
CNTLN	8	4	10	12	11	2	5	5	10	6	9	14
EPHA3	6	4	1	0	5	4	7	7	11	6	23	14
HSPA5	31693	27059	25568	19232	31345	25600	17506	15864	17902	15101	17741	13349
DSG2	1812	1631	1133	559	1369	1117	1004	527	998	814	1102	1022
GEMIN8	1066	1228	1379	1574	1351	1758	1500	1826	1350	1468	1246	1622
OFD1	2116	2133	2886	2096	2377	2461	2424	2805	2597	2595	2361	2536
GPM6B	28	28	8	4	18	15	10	10	17	23	23	23
MAGEC2	0	0	0	0	0	2	0	0	0	0	0	1
PREX2	6	3	3	1	0	2	8	1	1	2	5	5
WDR37	1695	1771	1165	957	1722	1727	1796	1994	1681	2090	2013	2603
YTHDC2	1079	1066	723	424	1102	993	1189	1059	1011	1120	1111	1657
CTPS2	3854	3977	3869	3585	5196	5943	5296	5945	5152	5082	4529	5189
ATP6V1H	2407	2669	2039	2088	3042	3945	2950	4062	2697	3647	2903	3903
POLR2B	9145	10734	6811	6845	9814	12571	8761	13015	8761	11657	9189	11738
FAM214A	2358	2376	1274	835	2692	2865	2523	3209	2502	3629	3634	4873
ARAP2	339	389	240	180	318	331	351	331	359	401	379	605
TPR	12877	15993	10452	9816	13720	14423	11821	13419	11423	12159	10596	11179
CP	21	11	11	3	7	3	20	1	3	6	10	4
KIAA0556	2233	2544	2266	2306	2303	2718	2499	2998	1968	2550	1987	2643
DTNBP1	3187	3209	2794	2889	3339	3896	3573	4226	3177	3495	2948	3673
XK	158	154	87	61	148	140	137	88	141	141	146	153
ANO2	30	15	15	16	26	21	28	23	21	17	18	15
C12orf4	921	925	778	548	1086	1017	970	1168	1145	1252	1341	1386
SCML1	608	560	387	162	491	502	664	474	533	569	629	1044
WWC3	6446	7346	6432	5809	6126	6273	5820	6006	5776	6609	5768	7133
ARHGAP6	0	0	0	0	2	1	0	2	0	1	3	2
FAM184B	19	27	24	30	27	12	19	10	13	14	19	17
MAP4	11917	14818	12898	14749	11195	14815	11987	15554	10631	13769	9910	15180
GOPC	1657	1445	1470	1061	1870	2006	2124	1962	2075	2405	2405	3696
ROS1	0	0	0	0	0	0	0	0	0	0	0	0
USP28	842	932	736	751	1207	1200	1197	1302	1310	1397	1225	1434
HDAC9	1038	979	624	421	324	304	424	320	269	298	288	440
TSPAN17	8849	7562	6279	4739	7262	4978	6926	4854	5575	4753	6277	4432
NOP16	19858	19216	25170	25035	18880	18016	21539	21861	19410	18918	19321	20348
CC2D2A	879	872	908	770	756	743	809	704	928	788	869	884
RRM2B	3365	2943	2706	1711	3782	3173	4382	3295	3760	4226	4928	6447
ZNF800	737	610	569	394	950	900	1065	850	974	1057	930	1604
TNFRSF17	0	0	0	0	3	0	0	0	0	0	0	1
SNX29	776	936	824	844	852	801	713	806	832	839	652	823
LMO3	141	98	94	48	36	34	81	41	63	47	73	70
MRPS10	5057	5045	4235	3717	5607	5264	5771	5990	5566	5932	6602	7766
GUCA1A	0	0	0	0	0	0	0	1	0	0	0	1
RSF1	2014	2613	1804	1674	2448	2602	2599	2540	2649	3321	2825	4109
VPS13D	2653	3356	2393	2530	2920	3763	2794	3397	2378	2887	2443	3405
CELF2	0	1	0	0	0	1	0	0	0	2	0	0
FAM120A	13530	13435	13462	9301	14866	13937	17543	14413	14894	14470	14534	23192
R3HDM1	3435	4059	3200	2911	4573	4138	4456	4474	4778	5260	4660	6420
COL9A2	678	829	873	935	635	693	554	634	559	610	473	699
KITLG	5648	4925	5769	3356	5332	4343	6205	3985	5122	5359	5682	8764
ERCC8	849	827	765	581	892	781	1022	932	1133	1184	1227	1399
ADAMTS6	2	19	14	6	7	8	25	9	13	8	6	13
H6PD	609	858	546	517	491	612	342	336	291	405	329	453
VAMP3	3289	2911	2797	2171	4810	3250	5065	4360	4588	4104	5339	5105
PER3	830	882	904	684	1494	1371	1583	1291	1173	1440	1457	2262
UTS2	0	0	0	0	3	0	0	0	0	0	0	0
TNFRSF9	11	5	12	12	19	8	10	4	5	16	3	14
EPN3	11490	13091	13012	14815	10611	12368	11683	13976	9686	11856	9334	12628
LTBP1	1985	1916	989	857	1245	1254	882	759	899	893	842	894
RCN1	4640	2383	4210	1680	3978	2169	3437	1463	3088	1749	3635	2321
ELN	2	4	6	5	1	3	3	4	3	3	6	0
RFC2	13288	13331	15339	15606	16305	16888	18692	21357	16992	16563	16312	16949
ARID1B	1504	1926	1228	1367	1702	1838	1511	1834	1339	1786	1531	2251
CLPTM1L	10957	9499	8837	6591	8830	6936	8087	6187	7038	6344	7747	6188
NEDD4L	2073	2206	1900	1685	2009	2275	1836	1919	1711	2179	1660	1930
FOXP3	257	226	302	231	171	124	197	188	160	141	133	188
PPP1R3F	683	752	810	794	600	691	683	745	438	587	419	612
HEXB	7354	4171	5962	2907	5885	3735	3818	2461	3962	2597	4951	2718
PTCD2	1199	1186	1064	921	1255	1105	1138	1086	1070	1314	1260	1632
NEXMIF	97	104	46	33	106	138	131	140	124	114	148	250
JKAMP	3200	2132	2139	1084	3508	2540	2856	2033	3092	2716	4089	2749
DKK3	0	2	0	1	0	1	2	0	0	1	1	0
ARHGEF5	2107	2733	2128	2707	2338	3013	2423	3273	2460	3113	2162	3124
NFE2L3	924	879	739	435	745	595	463	453	496	558	649	674
MCUR1	6108	4983	6741	4917	6258	4592	7095	5175	6629	6097	7165	5581
LIMA1	1938	1811	1081	762	2727	2360	2440	2127	2205	2332	2312	2461
LETMD1	3178	3132	2876	2058	3569	3066	2897	3338	3189	3486	3930	3478
SLC4A8	574	708	477	386	460	424	457	480	518	532	539	587
LAMC3	27	30	11	19	24	31	17	15	3	12	15	14
PTGER3	106	78	74	69	130	91	122	96	118	92	110	113
TNIP3	7	4	2	2	6	4	5	8	2	3	2	9
MAPK9	8318	8749	5518	4804	11039	10614	11508	12931	9738	11499	11172	13338
COL23A1	28	20	22	19	21	28	20	21	24	22	17	10
BCAR1	8306	10992	10076	12705	7425	10735	7421	10312	7049	10549	6470	11444
FAM160A2	815	932	928	902	741	892	774	884	774	851	672	967
HERPUD1	2073	1877	1766	1371	2811	2489	2849	2472	2641	2429	2805	2591
HOMER3	1267	1491	1675	1810	1097	1199	1042	1253	1038	1295	1081	1425
RAD51	4396	4932	4509	4562	5195	5939	5520	6903	5803	6466	5633	6797
POLQ	2383	2962	1953	1543	3097	3096	2790	3017	2875	3235	2810	3387
PIK3CB	3074	3106	2579	2134	4238	3567	3939	4230	3890	4172	4487	5508
CYBA	16153	13112	17807	13288	15245	12223	12348	7702	11480	8526	12009	8982
THOC3	10412	12015	10038	12902	9635	12558	9751	13677	9513	11786	9164	13060
HEBP2	6200	7350	7048	7572	8849	9434	8858	11520	8113	10354	9383	10779
MPHOSPH9	2099	2331	1966	1314	3731	3262	3564	3528	3332	3549	3650	3591
PLEKHA5	868	1014	743	596	1068	1060	1169	1090	1059	1203	1043	1436
PRSS8	6651	4679	5900	4131	4908	4326	3759	3071	3536	2801	3738	3149
SIKE1	8614	9579	9676	9133	10436	10628	11425	11461	11144	11027	10902	13805
RRP12	5717	7070	5569	7131	3314	4394	3503	4517	3664	4728	3428	5180
FNIP2	199	188	133	79	257	216	263	222	210	248	222	445
MSMO1	2638	1577	2013	954	1478	913	1342	672	1385	1082	1632	1299
TTC17	1959	1731	1747	1191	1735	1354	1684	1199	1398	1350	1635	1353
ALX4	2	11	8	9	0	8	1	8	0	5	3	10
FSTL4	88	101	129	138	64	54	46	58	57	50	77	48
FOXN3	1425	1486	1331	1140	1665	1344	1691	1356	1448	1468	1363	1581
METTL24	0	2	0	0	0	0	0	0	0	0	0	0
AKR7A2	5426	6344	5652	6522	6377	8731	7285	9502	5727	6945	5611	8016
MRTO4	9750	10064	12210	12811	9095	9654	10676	11203	10724	10997	9718	11414
NNAT	1	3	2	0	1	1	1	3	6	3	2	0
USE1	1753	1923	2261	2479	1656	1854	1811	2068	1674	1644	1434	1723
MCF2L2	100	87	85	76	73	80	84	99	97	81	89	105
NRIP2	53	60	30	28	32	51	23	40	29	40	22	39
LAMA3	245	302	184	169	135	196	180	150	164	168	152	163
AP5M1	3155	3405	2884	2389	3774	4317	4220	5082	4069	5240	4778	8133
ANAPC4	2242	2407	2656	2276	2621	3041	2430	3088	2581	3189	2775	3568
KCNQ1	7	33	42	34	13	31	36	19	10	22	17	18
TRAPPC3	5946	5992	7994	7452	7745	7013	8071	7230	8478	7262	7518	7074
THRAP3	8957	10449	9279	9544	10368	11831	10311	11298	9661	10982	8607	11709
PHPT1	12730	12533	16265	17259	12383	11326	14159	12758	11235	10639	10316	11694
ENTPD2	1168	1022	1080	783	1054	926	725	627	676	580	756	629
LY75	1	1	1	1	1	3	2	0	1	0	2	1
ARID4B	1382	1850	819	805	1712	1612	1534	1529	1815	1962	1734	2527
OPN3	572	488	747	464	906	527	796	393	745	523	744	447
SDCCAG8	841	797	879	670	1095	1054	1250	1210	1071	1065	1095	1112
PTPRN	5	6	13	17	9	18	29	29	34	29	60	37
HHAT	123	97	84	69	144	93	121	101	126	84	117	104
KIF1B	1465	1688	1321	1354	1547	1999	1504	1767	1715	1857	1492	2368
FOXC1	399	473	510	400	493	447	392	382	391	433	380	591
TBC1D22A	1417	1602	1788	1938	1829	2227	2259	2409	1571	1989	1597	2085
SYNE2	4199	5756	3534	3640	4588	6490	3670	5147	3895	5390	4464	5958
PLEKHH1	1667	2019	1411	1239	1973	2033	1625	2052	1619	1786	1626	1892
ATP9A	4941	5599	3197	2697	6030	5259	4450	3701	3911	4149	4536	4384
SPO11	0	0	0	0	0	0	0	0	0	0	0	0
CBLN4	0	0	0	0	0	0	0	0	0	0	0	0
CHRDL2	4	4	0	0	0	0	0	0	0	1	1	0
FAM168A	4247	4991	4536	4961	4826	5466	5114	5487	4354	5004	3960	5242
RELT	800	680	607	521	520	501	541	520	549	546	564	587
GALC	1428	1116	983	560	1909	1555	1061	919	1196	1092	1273	1230
NOP58	15290	15420	14552	13923	17419	17453	14766	19207	17549	18333	17323	17510
SZRD1	13019	11288	14255	11254	12642	8852	14321	10593	12050	10257	11623	10363
KCNH2	489	518	349	380	344	389	449	380	412	410	365	481
CUL1	8139	8761	9371	8282	9573	10587	10008	11580	10207	11112	9934	11257
FAM114A2	1209	1191	916	840	1261	1175	1293	1307	1185	1229	1202	1601
CYFIP2	2888	3385	2595	2805	3223	3353	3353	3878	3035	3360	2850	3553
TAB2	3270	3587	2037	1645	5169	4434	4634	4962	4956	5894	5959	6840
GINM1	1552	990	1330	626	1825	1173	1369	848	1575	1083	1948	1143
EIF2AK2	6262	7071	11025	10061	11190	12518	12637	13476	12141	15256	14276	24189
USP36	5086	5968	5074	5237	4267	4899	4298	4956	4238	5203	4255	5859
KMT2C	2435	3312	1608	1594	2260	2725	2336	2193	2138	2648	2110	4176
MCOLN3	65	33	37	20	58	46	39	28	25	32	42	54
CCDC85A	1	2	6	0	2	0	6	0	0	3	2	0
PUM2	5805	5669	4839	2988	7239	6386	7123	6353	7248	7555	8045	11157
MRPL43	8778	8548	10324	10592	8879	9669	10179	10330	8610	9005	8216	9807
ITIH4	23	21	20	13	18	7	35	20	14	17	10	14
ITIH1	7	2	12	1	3	1	5	0	2	1	1	1
HPF1	2497	2650	2782	2792	2995	3619	3346	3968	2933	3935	3619	4640
ZFR	2962	3330	1868	1499	2971	3345	2681	3204	3069	4096	3481	6123
ZNF280C	322	291	302	205	259	245	289	247	327	342	294	446
NPFFR2	0	1	0	1	0	0	0	0	0	1	0	0
PHF21B	23	27	32	23	39	25	15	21	36	28	21	19
TRAF1	63	95	58	58	37	50	63	63	60	51	68	54
RC3H2	2177	2529	2153	1584	3029	2406	3479	2510	2910	2720	3237	3830
IL17RB	437	334	344	225	419	323	345	296	358	270	362	288
TRAF3IP2	4223	4554	4830	4939	5286	5302	4709	5630	4667	4984	4583	5031
GYG2	434	520	539	596	630	780	668	815	662	762	644	693
DCBLD2	884	707	765	476	1180	781	889	556	1034	888	1057	1187
SERPINB3	0	0	0	0	0	0	0	0	0	0	0	0
SOAT1	857	734	615	314	766	779	793	551	739	743	1035	1032
PKP2	1055	1248	833	757	1349	1538	1198	1432	1195	1565	1290	1725
MSH4	1	0	0	1	1	1	0	0	0	0	1	0
F7	107	144	74	70	101	141	70	90	104	119	118	124
GDI2	41024	45819	39514	42507	51053	58106	49171	58964	51468	56844	50297	64724
PRDM1	5	11	3	5	12	2	0	3	4	5	9	10
ATG5	2424	2253	1672	1348	3488	3013	3006	3202	3447	3455	3776	3753
TMCC3	64	101	58	57	70	76	62	77	98	95	129	125
PITHD1	4172	4232	4434	3725	4680	4255	5080	4850	4504	4531	4555	5282
MTA3	8529	9115	9692	10132	10092	11097	8936	11146	8958	10404	8799	10533
USP13	2724	2990	2424	2379	3162	3337	2619	2980	2730	3092	2626	3391
ATP11B	1764	1743	1270	827	1657	1297	1463	1224	1536	1535	1747	1843
LAMC2	127	141	133	80	84	71	42	39	58	59	83	78
CDK14	5	7	0	1	11	8	8	1	4	0	5	11
SEC61A1	18483	14290	15434	11051	13497	11185	10203	7270	8651	7444	9399	7263
PPP1R12A	2169	2486	1282	937	2477	2486	2523	2245	2334	3253	3161	5068
RASGRF1	9	7	4	7	11	16	0	3	3	11	4	8
CAMK2B	484	606	619	520	648	755	642	664	385	503	449	590
CROCC	487	664	614	619	405	606	381	572	321	512	334	577
POLR3E	4567	4466	4529	4249	4441	4858	4793	5343	4687	4790	4523	5305
ATP2B4	728	910	737	505	828	636	645	464	661	658	754	744
ZC3H11A	12649	15238	9505	8590	14278	14903	13606	14638	13082	14973	15060	19594
RIOK2	3308	3159	3398	3154	3647	3808	3388	4584	3570	4326	4103	4852
YIPF1	3483	3071	2903	2137	4392	3236	3422	2879	3669	2849	3762	2610
NDC1	2835	2187	1800	966	2977	1980	2071	1632	2496	2077	3036	2187
DGKG	14	14	20	25	18	9	5	7	15	15	9	10
FLYWCH1	2054	2880	2561	3250	2356	3073	2000	2831	1953	2685	1685	2980
UNKL	2288	2513	2101	1844	2154	2094	1974	1899	1762	1926	1696	2158
TBXAS1	62	47	54	39	118	98	104	109	96	73	74	53
PARP12	2916	2844	6195	5489	4548	5082	5548	5651	4537	5092	5483	6922
ALDH18A1	6944	5806	6246	4327	5316	3580	4541	3436	4608	3999	4785	4264
TARBP1	1404	1604	923	920	1185	1345	951	1340	970	1134	1082	1282
GATB	1945	1687	1862	1838	1431	1380	1256	1370	1301	1276	1361	1414
MXD1	572	686	505	426	680	510	625	611	775	714	759	873
CDK17	1125	1122	870	583	1277	1531	1544	1290	1397	1624	1447	2497
DNAJC25	786	584	590	388	986	677	808	634	822	687	995	820
SLC2A3	6	7	11	7	10	9	9	7	3	16	8	7
PSD	257	309	307	367	279	253	209	300	194	231	207	290
CTDP1	1212	1446	1493	1584	1028	1498	1042	1468	957	1371	979	1619
YBX3	13931	15825	14688	15889	16182	18020	18264	18546	16432	17074	14321	19673
STYK1	201	157	236	177	207	246	237	201	256	221	280	248
WNK1	7935	10685	7980	8852	8954	10870	8972	10220	9254	11424	8594	13792
RPS17P5	3	0	0	1	0	1	0	0	2	1	0	1
CCAR1	6179	6469	6193	5018	7186	7054	6805	7894	7959	9253	8384	9808
OGFR	7232	8727	12129	12995	8176	10533	8276	10954	8250	10526	8005	12709
GNA15	45	45	76	115	128	136	86	119	106	124	78	83
CREB3L3	0	0	0	1	1	0	0	0	0	1	0	4
PIGV	804	663	835	514	1126	738	833	548	746	562	868	528
PTPRU	1702	1875	1221	1206	1250	1360	807	917	796	930	798	917
SNRNP40	5066	5251	4618	4484	5713	6205	5629	6414	5896	6016	5350	6170
RIMBP2	2	0	1	0	0	2	2	0	3	0	3	1
COL11A1	7	4	7	8	12	17	1	6	9	9	14	11
QSER1	1713	1979	1270	1032	2096	2261	2453	2268	2070	2672	2547	4694
MPC1	2765	2706	2751	2423	3800	3417	4171	3759	3378	2997	2903	3768
ACAA1	7008	7581	8632	9636	8109	10116	9167	11616	7063	8256	7213	9229
BCAT1	4	7	4	8	4	2	5	4	9	1	8	1
HDAC7	4556	4928	5322	5067	4106	4771	4637	5278	3986	4828	3937	5324
LZTS1	11	7	2	1	3	1	5	7	4	8	6	4
PRDM6	489	555	619	487	612	580	725	704	606	771	745	861
WNT8A	0	0	0	0	0	0	0	0	0	0	0	0
SPAG4	130	117	352	218	392	250	642	422	333	301	394	318
NCKAP1	8849	9771	7365	5349	10684	13179	10111	12238	10799	15323	12823	24041
MRPS35	7620	7341	7370	5960	8937	9211	9044	9655	9125	9638	9900	11558
GUCY1B3	7	4	1	3	3	10	1	6	2	5	10	3
SFSWAP	5508	6204	7176	6476	5047	5491	5549	5983	5450	5944	5010	5843
TNK2	3562	4637	3638	4280	3291	5281	3619	4951	2757	4358	2515	4902
MON2	1414	1711	958	756	1778	2116	1692	2056	1732	2570	2227	3508
CDH3	4488	3724	3309	2752	3170	3005	2224	2147	2294	2311	2475	2395
ARSF	0	0	2	0	3	3	0	0	0	0	0	0
GPBP1	6866	7082	5634	4316	8821	8281	8580	9387	8749	9692	9906	11275
DGAT2	1801	1732	1824	1524	1281	1145	1414	1171	823	732	1110	870
ZNF112	28	21	28	15	19	37	39	25	45	53	33	55
CS	40625	43455	30920	31115	40674	43184	37334	43352	36717	39045	35360	41599
LTK	6	5	5	9	1	4	6	2	0	0	4	3
MRPS24	9770	10961	11628	13340	10641	11231	10747	11492	10451	10358	9739	11101
ELMO2	2965	3217	3061	2916	2777	3175	3014	3415	3306	3445	2863	3408
WAPL	4203	5080	3311	3055	5453	5835	5409	5825	5690	6938	6164	7990
VMP1	20349	13337	17376	9201	23540	15531	19661	12970	18750	13994	21479	14466
APPBP2	24720	25542	23667	17828	34687	34192	36746	36600	31978	38918	40154	54790
POLD1	3993	4903	4955	5533	3948	5593	4466	6030	3378	4710	3436	5426
SEZ6	3	0	10	4	2	4	0	3	5	2	2	2
EIF4B	55507	59146	52029	47519	62935	60313	63469	66203	64028	64392	64040	75680
SLC6A16	17	22	37	17	25	15	17	21	26	13	26	25
BICRA	1006	1230	1217	1135	849	900	1025	915	812	988	751	1024
SPHK2	1153	1305	1320	1469	944	1092	1061	1285	810	1079	960	1389
RPL18	138560	130293	176983	174998	117147	103137	124392	107641	118278	99547	109032	107089
CA11	465	369	740	506	427	344	563	414	354	282	429	385
ISOC2	17108	18299	24818	26380	22380	22008	24975	26004	20569	21344	19915	23060
U2AF2	29910	33985	36759	40253	25259	33978	27214	34420	26685	35916	26218	42256
EPN1	13453	15355	18068	19030	12970	14357	15627	15276	11585	13019	11155	14576
MED29	5685	5472	6360	5980	6104	5193	6495	5911	5540	5451	5253	5518
AHRR	461	505	312	262	226	196	140	184	164	202	179	204
GSC2	0	1	0	1	0	0	0	0	0	0	0	1
ZNF275	1361	1508	1315	1218	1358	1149	1261	1245	1203	1465	1539	1568
MTMR1	4277	4731	4076	3709	4231	4666	4621	5035	3859	4529	4080	5693
GPC1	1137	1437	903	1040	762	835	573	598	463	673	495	722
ADCK1	1767	1512	1648	1330	1339	1261	1249	1087	1072	961	1232	953
HAGH	6381	6133	7523	7060	6075	7477	6965	8155	4686	5547	4710	5984
RNF4	6780	7015	6271	5953	7612	7123	8256	7703	7672	7419	7344	8415
CASP8	1590	1706	2005	1878	2323	2111	2534	2391	1835	2223	2099	2774
LIMCH1	125	128	89	77	268	216	238	228	249	221	236	279
INTS13	6032	5998	6446	6197	7156	7219	6578	7564	7302	7660	7288	7468
TM7SF3	7650	6182	5205	3361	7523	5286	5060	3714	5570	4201	6133	3941
DLX3	1644	1765	1706	1603	1640	1652	1541	1527	1519	1507	1227	1472
SPA17	652	677	912	835	781	687	805	836	947	788	840	893
TSPAN32	1	3	5	7	0	3	0	2	0	2	0	2
WISP2	1892	1358	1850	1235	925	681	769	529	1008	778	1346	986
DMRT3	0	0	3	0	0	0	0	0	0	1	0	1
ST3GAL6	8	4	0	0	0	0	0	0	0	1	2	4
ATP2C2	1818	1847	1194	1050	1966	2091	1452	1443	1289	1280	1473	1451
NGFR	45	76	66	64	39	29	32	14	22	28	37	47
CDON	203	267	245	169	313	230	247	152	190	228	273	204
TAF2	2211	2692	1468	1236	2604	2633	2577	2671	2561	3006	2839	3442
HIPK2	1765	2249	1435	1515	1817	2189	1919	1896	1626	1937	1538	2478
TNPO3	8172	9375	8677	8336	10280	10801	10703	11522	9756	11135	9791	11649
BORCS8-MEF2B	622	644	743	539	709	566	658	679	589	518	596	561
RFXANK	6011	6059	8771	9326	6573	7669	8711	8928	7380	7026	6348	7128
TMEM161A	1421	1176	1134	792	995	954	606	616	638	699	708	670
LPAR2	3706	2965	3742	2772	3371	2522	2857	1945	2857	2221	2990	2144
CTSA	10150	6713	8668	5333	7398	5407	4780	3355	4292	3304	4994	3355
SUGP2	3946	4632	4001	3603	4126	4619	4349	4607	3722	4253	3426	4625
SLC12A2	4275	4017	1720	1224	4492	4131	3832	3233	2999	3364	4127	5033
SNX24	1621	1479	1798	1410	2191	1710	2365	1906	1974	1703	2124	2361
EYA2	1053	1287	973	1116	1389	1626	1293	1593	1261	1529	1020	1266
CNN2	7011	7919	6639	7706	4547	5648	4479	5311	4955	6411	4667	6861
ABCA7	482	656	595	580	549	698	494	729	388	454	436	512
SNCAIP	38	65	60	49	37	41	58	76	67	52	61	51
DDX20	2437	2602	1844	1815	2958	3118	2894	3275	3001	3943	3698	4281
BTBD1	6497	6164	4058	2706	7490	6849	8420	7228	7956	8897	9492	12179
FAR2	110	113	128	114	144	120	103	168	120	138	178	243
BCAS1	8092	9473	5767	6076	10585	11928	10563	12648	10420	11814	9439	11765
POU1F1	0	0	1	1	0	0	0	0	2	2	0	2
CHI3L2	0	3	2	5	0	0	2	2	0	0	0	1
SBNO2	4572	6039	5452	5234	3668	4908	3905	5314	3781	5048	3610	5667
PMS1	1123	1037	853	688	1274	1212	1244	1389	1330	1475	1518	2098
HMG20B	20669	22519	22806	23655	22582	26111	25016	29219	17533	19512	16798	21574
CALCRL	3	3	10	1	0	4	1	0	3	2	8	1
TAF11	7062	6476	7135	5878	7867	6334	8260	7433	7695	7560	8996	7385
ANKS1A	1216	1526	798	818	1371	1725	1373	1629	1443	1674	1389	1914
AP3D1	8304	11335	7959	9655	7033	10099	7174	9893	6851	9712	6028	10643
ZNF76	2720	2784	3393	3268	2737	2564	2979	2977	2599	2765	2290	2579
SLC9A3R2	25024	30639	32404	37855	24464	32478	29474	37161	23386	30420	23237	35177
NTHL1	3959	4842	4234	5092	3853	5254	4143	5246	3738	4699	3465	5281
UHRF1BP1	2165	2906	1939	2201	2530	3026	2310	3074	2383	3347	2678	3998
GNAI3	7132	7406	4738	4175	10549	11917	9914	11191	9899	12716	11885	19935
IPO5	6881	8026	6451	6247	7599	9127	7059	9386	7741	9366	8120	9769
OAT	3890	4187	1721	1713	4804	6370	4591	5792	4637	5922	4990	7625
WDR3	5373	5788	3875	3554	4767	5720	4574	5812	5100	6408	5631	6988
PKN2	788	889	472	246	995	1071	1236	1018	1061	1354	1143	2596
WDR18	3231	4645	3975	5030	3181	4454	3087	4100	2882	3832	2609	4435
TRAM2	1404	1527	1017	858	1540	1421	1067	1030	1185	1181	1350	1334
NTN1	632	703	546	479	343	429	238	304	216	284	257	332
GLP2R	98	54	59	60	121	38	83	62	112	82	103	55
MCM10	4446	5285	4018	3639	4609	4884	4846	5390	5388	6272	5632	7468
DGKA	1009	1007	1305	1134	1391	1563	1686	1873	1310	1397	1306	1506
ERBB3	10530	10057	9410	7666	10966	9290	8154	6703	7389	6890	8539	7063
ROPN1	2	1	2	2	1	3	4	3	1	1	5	2
ANKRD44	78	58	61	39	94	100	95	89	91	87	94	137
KARS	36751	42793	41159	49688	37843	44147	37426	46655	41544	44941	36768	43352
ADAT1	2156	2256	2673	1975	2545	2429	2711	2687	2511	2495	2476	2559
PDIA5	2126	1561	1901	1059	2108	1352	1629	1185	1444	1107	1537	1015
TBC1D22B	1297	1298	1471	1088	1434	1116	1516	1163	1419	1390	1353	1305
NDUFB4	33251	27466	39077	32199	33953	26123	40278	32019	32962	25196	31809	26233
SPEN	2683	3581	2443	2902	2573	3331	2520	2890	2395	2916	2299	3160
MYLK	197	193	199	149	219	208	177	193	225	279	266	253
ZC3H15	18890	20563	15942	15087	20491	23874	21521	25347	22382	26125	24100	35861
MAP2K4	2260	2208	1958	1545	2704	2435	2930	2795	2937	2866	3474	3406
TMEM206	470	364	397	234	471	381	399	303	384	357	449	307
SNAP91	4	6	3	2	0	1	0	1	0	0	2	1
SLK	3191	4123	2364	2240	3315	3744	3233	3772	3441	4103	3677	5793
CYB5R4	861	948	602	524	1006	1180	983	1344	1051	1493	1420	2406
COL17A1	25	20	28	13	10	20	52	29	25	29	23	22
GSTO2	5796	5934	7098	7087	7337	6795	6528	6949	6858	6441	6400	6419
SEC61A2	733	555	574	322	650	553	491	422	642	611	727	606
PRKCQ	0	0	0	1	0	0	0	0	0	0	0	1
TLE2	1758	1942	1877	2036	2025	2575	2033	2491	1553	1900	1194	1846
ASB1	1775	1875	1788	1821	1665	1692	1844	1874	1680	1760	1667	1961
FAM107B	1839	1626	1480	1115	1656	1336	1470	1474	1615	1753	1970	2114
ME1	8680	9760	6526	7240	8533	9963	7126	10438	9475	11357	9490	12668
TBC1D1	3796	4325	3765	4085	4895	5462	4907	5824	4999	5530	5143	5795
CDK13	1865	2325	1678	1690	2312	2759	2287	2539	2206	2787	2379	3381
MTHFD2	12218	12294	10992	8507	15991	16294	17066	16559	14983	16618	16591	23245
SLC9A7	2535	2459	1727	1296	2598	2077	2030	1638	1752	1657	2345	2025
FOXJ2	2039	2466	2057	2174	2158	2551	2220	2644	2487	2875	2728	3147
YBX1	69893	75717	83236	90354	83125	88992	88994	89564	86448	88661	71893	93997
PDE4A	1169	1326	1503	1566	1326	1474	1709	1703	1397	1466	1249	1583
PPP2R5A	4226	3852	4349	3112	5574	4399	5807	5214	5024	5530	5832	6416
CTNNA2	3	0	2	0	0	2	0	0	0	2	0	0
ELAVL1	5898	7060	6276	6656	7414	9232	7815	9506	7796	9310	7029	13169
TIE1	1	3	5	4	3	4	6	0	9	2	0	3
DIP2B	4917	6533	3837	4532	4694	5653	4354	5995	4553	6440	4961	7156
SMARCD1	6501	6942	6456	5936	5799	5884	5733	5947	5574	5820	4886	5735
KDM4A	2477	2727	2738	2602	2961	3095	2990	3198	3110	3176	2675	3036
NFYC	5038	5562	6098	6734	5259	6005	5245	6182	4827	5041	4175	5511
ZMYND12	10	20	24	20	17	27	36	40	22	26	18	21
SLC9A3	16	26	6	4	1	9	6	8	3	2	5	11
NGEF	298	374	537	577	299	487	318	399	377	507	319	490
ASPM	2364	3147	1797	1620	3103	3843	2352	3250	2596	4319	3423	5423
CD84	3	4	2	0	1	7	3	6	16	7	2	3
ELOVL1	6217	4758	5341	4171	5978	4994	4645	3667	4800	3991	4743	3463
SPI1	7	4	10	11	1	9	1	2	0	8	4	5
ZNRD1	3385	3762	4043	4381	3758	3938	3926	4354	3642	3737	3389	3844
MPPED2	1534	1691	1149	1084	1385	1148	1326	1270	1149	1220	1280	1623
CLDN18	10	5	1	1	8	5	0	2	4	2	2	3
ZBTB11	1350	1410	791	510	1492	1699	1503	1443	1612	2069	1830	3522
ATXN3	3579	3574	3841	3356	3990	3952	3593	3814	3967	4094	3863	4532
GOLGA5	9210	9680	9368	8847	11375	11819	11556	13582	11778	13022	11951	13389
FGFR2	380	362	277	159	224	200	130	158	308	210	249	199
LRRC40	512	575	411	264	717	867	762	804	786	1038	827	1391
ISOC1	14458	13980	14010	11486	18753	17958	18906	17510	15772	16069	16929	19026
EML1	1700	1803	1354	1169	2387	2571	3006	2772	2302	2458	2672	3057
TRMT11	732	764	635	540	903	923	650	909	766	971	952	1031
THUMPD1	3204	3452	3407	2553	3451	3440	3401	3385	3539	4193	4175	5895
MSANTD3	2801	2641	2668	2271	3257	2699	3500	2936	3556	2971	3279	3136
KIF26A	4216	6371	4342	5508	3338	5183	3892	4967	3008	4571	3257	6133
ATG2B	1620	2128	1181	1100	1667	2083	1523	2089	1318	1953	1803	3093
ARFGEF1	1204	1397	853	642	1470	1616	1458	1574	1392	1759	1723	2435
ACSM2B	30	25	33	9	30	22	30	21	21	13	22	16
ZFAT	1095	1386	999	1182	981	1160	1087	1259	793	1091	886	1210
MTFR1	2090	1794	1793	1345	2585	2357	2562	2233	2724	2440	2598	3054
STAG3	67	81	23	32	45	56	28	33	36	36	36	65
FECH	3111	3149	2855	2370	4079	4820	3847	4622	3667	4331	3879	5174
MYO9A	2256	2851	1794	1729	2521	2678	2168	2490	2306	2958	2453	3068
DDX3Y	0	0	0	0	0	0	0	0	0	0	0	0
PFKP	19089	20116	23513	24084	21207	26092	23317	27685	19588	23027	18949	23803
IDI1	18547	15434	13854	9659	13847	13181	15241	13274	14404	15031	13969	19849
SP100	1417	1472	2813	2875	2737	3171	2954	3664	2839	3258	3436	4126
KLF6	1589	1316	1358	908	2216	1929	2067	1900	2246	2497	2440	2761
PLPP1	644	447	500	353	727	477	375	352	445	402	474	380
